TABLE NO.     1: First Order Conditional Estimation with Interaction: Problem=1 Subproblem=0 Superproblem1=0 Iteration1=0 Superproblem2=0 Iteration2=0
 NAME         THETA1       THETA2       THETA3       THETA4       THETA5       THETA6       THETA7       THETA8       SIGMA(1,1)   OMEGA(1,1)   OMEGA(2,1)   OMEGA(2,2)
 THETA1        2.30428E-02 -3.35357E-01  1.06200E+00 -6.50695E-03  1.60488E-01 -1.20683E-02  1.25567E-02 -2.46302E-02  0.00000E+00 -7.98507E-04  0.00000E+00 -5.18419E-05
 THETA2       -3.35357E-01  4.64538E+01 -1.34985E+02  4.62253E-02 -1.48380E+00  1.69915E+00 -7.00742E-01  4.05620E-01  0.00000E+00 -4.73978E-02  0.00000E+00  1.42974E-03
 THETA3        1.06200E+00 -1.34985E+02  3.36870E+03 -2.56399E-01  1.50245E+00 -4.84941E+00  1.63306E+01  1.24860E-01  0.00000E+00  1.07861E-01  0.00000E+00  1.02276E-01
 THETA4       -6.50695E-03  4.62253E-02 -2.56399E-01  3.14991E-03 -7.63390E-02  9.14489E-04 -2.49584E-03  7.18285E-03  0.00000E+00  4.77291E-04  0.00000E+00  3.86000E-04
 THETA5        1.60488E-01 -1.48380E+00  1.50245E+00 -7.63390E-02  1.87502E+00 -3.34023E-02  4.18883E-02 -1.78456E-01  0.00000E+00 -1.14099E-02  0.00000E+00 -9.24265E-03
 THETA6       -1.20683E-02  1.69915E+00 -4.84941E+00  9.14489E-04 -3.34023E-02  8.36136E-02 -3.03245E-02  1.70264E-02  0.00000E+00 -1.86741E-03  0.00000E+00 -1.60084E-03
 THETA7        1.25567E-02 -7.00742E-01  1.63306E+01 -2.49584E-03  4.18883E-02 -3.03245E-02  1.05986E-01 -6.42880E-03  0.00000E+00  9.91483E-04  0.00000E+00  6.43804E-04
 THETA8       -2.46302E-02  4.05620E-01  1.24860E-01  7.18285E-03 -1.78456E-01  1.70264E-02 -6.42880E-03  3.13125E-02  0.00000E+00  7.83906E-04  0.00000E+00 -1.92571E-04
 SIGMA(1,1)    0.00000E+00  0.00000E+00  0.00000E+00  0.00000E+00  0.00000E+00  0.00000E+00  0.00000E+00  0.00000E+00  0.00000E+00  0.00000E+00  0.00000E+00  0.00000E+00
 OMEGA(1,1)   -7.98507E-04 -4.73978E-02  1.07861E-01  4.77291E-04 -1.14099E-02 -1.86741E-03  9.91483E-04  7.83906E-04  0.00000E+00  4.01472E-04  0.00000E+00  1.07372E-04
 OMEGA(2,1)    0.00000E+00  0.00000E+00  0.00000E+00  0.00000E+00  0.00000E+00  0.00000E+00  0.00000E+00  0.00000E+00  0.00000E+00  0.00000E+00  0.00000E+00  0.00000E+00
 OMEGA(2,2)   -5.18419E-05  1.42974E-03  1.02276E-01  3.86000E-04 -9.24265E-03 -1.60084E-03  6.43804E-04 -1.92571E-04  0.00000E+00  1.07372E-04  0.00000E+00  6.88464E-04
